%YAML:1.0
---
mtxL: !!opencv-matrix
   rows: 3
   cols: 3
   dt: d
   data: [ 1146.3511547076373, 0., 346.74179054850418, 0.,
       1096.8692812423094, 227.22216526982555, 0., 0., 1. ]
distL: !!opencv-matrix
   rows: 1
   cols: 5
   dt: d
   data: [ -0.083348068809989739, 1.0453828829897462,
       -0.0012872116139334485, -0.0014299360175389921,
       -2.5135969239695894 ]
OmtxL: !!opencv-matrix
   rows: 3
   cols: 3
   dt: d
   data: [ 1145.1345044529435, 0., 346.21100068476147, 0.,
       1094.5019213746714, 227.02076007582397, 0., 0., 1. ]
roiL: !!opencv-matrix
   rows: 4
   cols: 1
   dt: d
   data: [ 1., 1., 637., 477. ]
